node potential
[array([-20.614412,  19.860542,  -1.096964,   9.697199,  -2.312912,
         1.232901,  -4.425652,  -0.06902 ,  -1.757511,  -0.514178]), array([ -5.173871,  -3.729256,  11.162347,  -5.949563,   2.664692,
        -3.840948, -17.474289,   5.556249,  24.229139,  -7.444492]), array([ 6.860802, -9.531131,  7.49398 , -6.572146, -4.751027,  1.221163,
       -8.026725,  0.881368,  9.137968,  3.285734]), array([ 24.668222,  -9.554761,  -3.154223,  -3.498605, -12.169161,
        -2.780845,  -2.541463,  -0.551272,   1.395221,   8.186879])]
energy
75.430483
63.28962
76.582198
log paritition
78.3196023798
None
63.2896723602
None
82.486998736
None
